%---------EXO5---------
A = [1:4; 5:8; 9 0 6 0];
B = [1:9; 2:2:8 0:4; linspace(2,2,9)];
c = [30*ones(3,3)*2 eye(3,3)+5 [5 8 1; 0 6 9;7 3 3]];